Disease	Site	Mutation	Co.evolution	Entropy	Consurf_Score	RASA	ddG	Betweenness	Closeness	Degree	Eigenvector	Clustering.coefficient	Effectiveness	Sensitivity	MSF	DFI	Stiffness
Severe	28	Y28C	0.1874298992320593	1.0354216731346495	0.1356	28.37837837837838	2.06228	-76.91891475	-9.29E-08	0	2.46757216017156e-17	0	1.9722739513924368	1.5480854577193033	0.20031507590648376	0.000723217	9.875545283344547
Severe	33	A33V	0.083387756	0.427759209	-0.7433	44.339622641509436	0.684389	27.68029955	-1.61E-09	0.027027027	2.24482807563384e-17	-0.175675676	2.182948511080906	1.8137261908637028	0.18660599529866467	0.000800395	9.6027904
Severe	36	T36P	0.3229104846605891	1.549801266970849	-0.0886	52.112676056338024	2.66404	-173.7135211	-1.52E-08	-0.027027027	3.4143780458857e-17	0.198198198	2.181164422356457	1.829628219760343	0.18057950776156656	0.000799741	11.682372036328683
Severe	37	L37P	0.10615225044169511	0.5758895669470945	-0.4881	53.04878048780488	3.9843	1.026971664	-1.49E-08	-0.027027027	4.3067105922847e-17	0.096846847	1.8120563160221426	2.3436865107299036	0.1751956869964675	0.000664523	10.970174562314915
Severe	47	N47I	0.29630469039419816	1.6740950127896626	-0.1417	26.11464968152866	0.523929	132.4389944	1.51314859797217e-07	0.013513514	1.36212798868723e-08	0	1.6204452764945454	2.7257803315847724	0.072251856	0.000594329	15.141419665603859
Severe	51	A51S	0.023171650334430704	0.035724313	-1.0529	0	1.03504	-376.8516739	-2.42E-07	0.013513514	0.000390707	0	2.2287505263445833	2.0521837372463647	0.050508635	0.000817174	16.904464440344572
Severe	51	A51V	0.023171650334430704	0.035724313	-1.0529	0	4.1786	-376.8516739	-2.42E-07	0.013513514	0.000390707	0	2.2287505263445833	2.0521837372463647	0.050508635	0.000817174	16.904464440344572
Severe	62	M62V	0.088528153	0.43603757538866644	-0.9396	2.6595744680851063	5.62863	5.100355568	2.28241661477733e-07	0.040540541	0.014828379	0.002252252	28.40353205	0.10846899574540127	0.039695067	0.010405956189718093	19.046363414901595
Severe	62	M62L	0.088528153	0.43603757538866644	-0.9396	2.6595744680851063	1.35752	5.100355568	2.28241661477733e-07	0.040540541	0.014828379	0.002252252	28.40353205	0.10846899574540127	0.039695067	0.010405956189718093	19.046363414901595
Severe	63	G63R	0.083574915	0.388407071	-0.7485	0	5.98932	2.926804347	1.04397071649091e-07	-0.013513514	-0.000376168	0	13.623183055440013	0.2575902866997369	0.046992638	0.004991372	18.001111522618192
Severe	63	G63V	0.083574915	0.388407071	-0.7485	0	6.90252	2.926804347	1.04397071649091e-07	-0.013513514	-0.000376168	0	13.623183055440013	0.2575902866997369	0.046992638	0.004991372	18.001111522618192
Severe	65	S65Y	0.1557548216648086	1.1610846959850796	0.002	17.692307692307693	-0.939155	51.23317631	2.45270519045568e-07	0.013513514	8.20887547900011e-05	0	10.021597035810897	0.30983701313178236	0.073418574	0.003671979	17.252669763338215
Severe	71	R71S	0.011730834351282894	0.035043395966475925	-1.0207	18.951612903225808	4.0473	-10.2033311	2.68255140285165e-07	0.013513514	5.56078232387819e-05	0.495495495	9.442717996497898	0.20531844500813665	0.052068975543282936	0.003459914	17.120423602911796
Severe	72	I72V	0.091944691	0.3731676517831806	-0.9071	7.6923076923076925	0.898775	40.88877315	3.03697534036039e-07	0.013513514	7.06220997457576e-05	0.173423423	6.6404928988293035	0.22962010927647467	0.053855371912535116	0.002433357	16.820239188847374
Severe	75	G75S	0.013366356492473284	0.10798801905634146	-0.9098	0	5.4246	-38.27604752	1.5895179608633e-07	-0.040540541	1.29389851555145e-05	-0.193693694	4.390316882952508	0.33217284881978976	0.072617192	0.001609035	15.34825595046408
Severe	100	T100M	0.016187639	0.10798801905634146	-1.0156	1.4084507042253522	0.733305	21.65240813	1.5150242009963e-07	0.013513514	0.000578096	-0.563063063	4.822561517860187	0.7265903664871635	0.041429167089346415	0.001767382	17.25475888726707
Severe	106	Q106H	0.052367636	0.28952670802466596	-0.9443	88.88888888888889	0.311837	0	-4.15E-08	0.013513514	-1.76E-08	0.013513514	2.5748783504428356	1.1252765102155013	0.085358195	0.000943973	14.162345506619406
Severe	123	A123D	0.14191118986046794	1.0223251473210748	-0.353	0	6.51723	-11.69073661	-4.83E-07	-0.040540541	8.99461877701129e-06	0	3.343274251441726	0.8655982878463054	0.044101497	0.001225464	17.20001187969512
Severe	129	G129R	0.023799136	0.12069615791778346	-0.9513	0	9.37741	-11.42963909	-1.46E-07	-0.013513514	3.26789368199615e-05	0.018018018	5.634283800703049	0.5483049234799231	0.038173569	0.002064745	18.50414742304343
Severe	134	T134N	0.19051684011143272	1.0811133701639244	-0.6002	0	3.14844	-7.012136349	-3.82E-07	0	1.85846364665466e-07	0.108108108	2.1202721828943396	1.0462337405573738	0.057260269	0.000777434	15.717845935864126
Severe	141	T141I	0.16183174865302727	0.8999414826959233	-0.3707	14.788732394366196	1.93369	1.108139953	4.1528623691636e-08	0.013513514	7.93701368165227e-08	0	1.738387587588103	1.1392298756814443	0.073849427	0.000637536	14.378216543011437
Severe	162	G162V	4.351715865219115e-15	0	-1.0586	0	6.71421	-34.46957827	1.13438404540254e-07	0	0.080938954	0	6.911419462640197	0.6300007790641609	0.044146845	0.002532607	19.09433245657931
Severe	170	N170D	0.23088722975724355	1.0604604962758837	-0.9919	0	2.08921	-0.913147154	1.74344799103767e-07	0	-0.007094031	-0.567567568	12.381267263164005	0.1876865369824747	0.041000514	0.004536413	18.609842944303125
Severe	179	A179T	0.050195349478517885	0.2946657726321414	-0.972	0	3.27179	0.865150523	7.50356382214746e-08	0.013513514	2.72174434788545e-05	0	6.600066382440254	0.4008805052752451	0.043930937433887596	0.002418547	18.12936859038123
Severe	181	S181L	0.21034480231768143	1.3069395399667576	-0.3293	1.5384615384615385	0.83143	17.66848091	3.24858850913787e-07	0.067567568	2.42052511720074e-06	0	3.869889064458891	0.47800764393112355	0.043314940115611156	0.001418383	18.263311680074338
Severe	183	D183H	0.20380489308208874	1.3772705754954038	-0.0926	7.361963190184049	0.467254	0.921043116	8.81286180128905e-08	0.013513514	6.05663938112046e-07	0	3.506680200290366	0.4960402736074284	0.052727804	0.001285326	17.402463613287335
Severe	188	S188P	0.18399518808203413	1.076188937407145	-0.5806	0	1.67755	4.103202125	4.08744256534332e-07	0.027027027	7.34011118117565e-05	0.004504505	5.836455954	0.4926805931976235	0.058282193	0.002138808	17.06107386288242
Severe	201	C201Y	0.05341383	0.22484142090971143	-0.7929	14.074074074074074	19.803	-11.95225896	-2.69E-08	-0.027027027	9.58871003163309e-09	0.155855856	2.5018917620688432	0.6734810841374483	0.064653291	0.000917235	15.961444130924468
Severe	207	Q207P	4.361388360721101e-15	0	-1.0679	6.0606060606060606	5.9313	-1.564472259	2.30587641193128e-08	-0.013513514	3.99703504367959e-05	0.112612613	5.136699536509841	0.44700941418833806	0.061974281	0.001882462	17.336547159551543
Severe	208	L208F	0.021791160395367513	0.14273601813092807	-0.9139	1.2195121951219512	5.87548	-9.283762723	1.19857287790104e-07	0	9.39753985973377e-05	0.003796654	6.562538952	0.40988638346970097	0.056198752	0.002404799	18.240941436366803
Severe	212	I212F	0.44581523745707896	2.093368881	-0.0394	5.9171597633136095	1.98893	-49.57063986	9.63680535861914e-08	0	-0.000158944	0.174774775	4.968695671538744	0.7794004148249668	0.070258252	0.001820916	16.685062624038203
Severe	220	G220A	4.3642444785206816e-15	0	-1.0586	0	6.41394	-91.15930527	1.53673119470397e-07	-0.054054054	-0.22809164	-0.031531532	12.96220375678064	0.275473549	0.038653793	0.004749231	19.17865257582907
Severe	220	G220R	4.3642444785206816e-15	0	-1.0586	0	28.7142	-91.15930527	1.53673119470397e-07	-0.054054054	-0.22809164	-0.031531532	12.96220375678064	0.275473549	0.038653793	0.004749231	19.17865257582907
Severe	221	G221R	4.3642444785206816e-15	0	-1.0586	0	26.3365	139.4434771	2.17738643665385e-07	-0.027027027	-0.227245829	-0.304054054	12.46771773924265	0.3243220477723932	0.04829392	0.004568083	18.19200113810579
Severe	221	G221V	4.3642444785206816e-15	0	-1.0586	0	16.787	139.4434771	2.17738643665385e-07	-0.027027027	-0.227245829	-0.304054054	12.46771773924265	0.3243220477723932	0.04829392	0.004568083	18.19200113810579
Severe	223	R223Q	0.043137545	0.17406470425793125	-0.9451	0	5.54208	101.5645361	3.83913882693763e-07	0.081081081	0.00160018	0.324324324	6.896248425281394	0.6084562088284555	0.049539149688313334	0.002527049	17.87876282579004
Severe	223	R223W	0.043137545	0.17406470425793125	-0.9451	0	7.85758	101.5645361	3.83913882693763e-07	0.081081081	0.00160018	0.324324324	6.896248425281394	0.6084562088284555	0.049539149688313334	0.002527049	17.87876282579004
Severe	249	G249V	0.1452018864215031	1.104986346230849	0.3991	59.523809523809526	4.44542	9.67641097	1.97037719769052e-07	0.013513514	7.64932658589338e-10	0	3.0526125102456927	1.1701794161521104	0.09569952	0.001118984	13.886266600910334
Severe	272	R272H	0.15041660052689448	1.0933324262834134	-0.1271	25.403225806451612	0.398363	31.90277837	1.61138710459853e-07	0.040540541	-0.000444338	0	3.355474044570024	1.0170641549208044	0.066478065	0.001229934	15.39424510510943
Severe	272	R272L	0.15041660052689448	1.0933324262834134	-0.1271	25.403225806451612	-0.720092	31.90277837	1.61138710459853e-07	0.040540541	-0.000444338	0	3.355474044570024	1.0170641549208044	0.066478065	0.001229934	15.39424510510943
Severe	289	L289F	0.070848623	0.3552413626415914	-0.7213	0	1.35546	53.20076712	2.20010232471494e-07	0.013513514	-0.005493016	0.001351351	6.709555394922167	0.5555543823119967	0.050837251486881736	0.002458657	18.33396748653563
Severe	292	P292T	0.22125040171530724	1.0911658712293277	-0.0204	6.617647059	4.8633	0.567331067	-1.42E-07	0	9.8911758489774e-05	0.135135135	6.952085106118453	0.6626747277426865	0.056226342	0.002547504	16.787051188718095
Severe	294	D294A	0.1899850718106302	0.9729984198516484	-0.7388	18.404907975460123	3.14659	7.010493457	2.59631035692272e-07	0.027027027	3.60300880789488e-05	0.216216216	16.71862378214114	0.27289027529121423	0.054729661082878245	0.006125346	17.764524776730386
Severe	294	D294Y	0.1899850718106302	0.9729984198516484	-0.7388	18.404907975460123	4.50231	7.010493457	2.59631035692272e-07	0.027027027	3.60300880789488e-05	0.216216216	16.71862378214114	0.27289027529121423	0.054729661082878245	0.006125346	17.764524776730386
Severe	297	Y297H	0.11038776165149339	0.7940282680715729	-0.1894	5.405405405405405	2.54628	-9.374957602	-2.72E-07	-0.027027027	-9.09E-06	0	10.40995411616078	0.304396006	0.060175977	0.003814249	16.83863980214639
Severe	299	L299P	0.24462052612189092	1.6174120739261422	0.7715	31.097560975609756	0.872938	-30.21882706	-4.61E-07	-0.040540541	2.03960415708423e-07	0	6.173895500977509	0.47240047110784306	0.090530754	0.002262425	15.27269747033714
Severe	307	P307S	0.02592448	0	-1.0611	0	3.40188	-10.03146848	1.80528385296469e-07	0	0.000114854	0	5.237700258535793	0.6315373058633649	0.049281476773734775	0.001919462	17.309102980669298
Severe	326	G326V	0.041912129	0.20189292310824042	-0.8301	0	18.6888	-3.567228708	-4.79E-08	0	0.006250012	0	2.4606355716936403	1.8334656077856253	0.060448283	0.000902122	16.595038174476116
Severe	326	G326R	0.041912129	0.20189292310824042	-0.8301	0	18.3129	-3.567228708	-4.79E-08	0	0.006250012	0	2.4606355716936403	1.8334656077856253	0.060448283	0.000902122	16.595038174476116
Severe	327	F327C	0.096099039	0.6258284834536201	-0.3186	1.015228426395939	4.28861	0.746281602	1.19503602126936e-07	0.013513514	0.009558972	0.002252252	3.465004052	1.3267041267589534	0.046736754282421744	0.001270059	18.045722787085907
Severe	327	F327L	0.096099039	0.6258284834536201	-0.3186	1.015228426395939	3.01492	0.746281602	1.19503602126936e-07	0.013513514	0.009558972	0.002252252	3.465004052	1.3267041267589534	0.046736754282421744	0.001270059	18.045722787085907
Severe	334	G334D	0.064571169	0.3810091607144129	-0.5263	0	9.1366	-0.813991382	1.67791262526611e-07	-0.013513514	0.002068864	0.202702703	57.45229043766641	0.019144537775625574	0.037427238	0.021047582005982286	19.15302031514498
Severe	348	A348T	0.017203954090792343	0.10798801905634146	-0.9914	0	4.51188	-2.108512906	2.24807624322809e-07	-0.013513514	0.000153017	-0.076126126	16.569832179847772	0.10722118288985405	0.043307867	0.006070838	18.68852708100607
Severe	354	E354D	0.17790810743610797	1.161670475496884	-0.5316	2.0618556701030926	2.29953	10.21403152	2.4386345215963e-07	0.027027027	0.000442972	0.067567568	12.425281165227805	0.17090624133370974	0.058919900143516994	0.004552537	18.006197475853604
Severe	355	M355T	0.16383139875323724	1.0859389475628582	0.0205	0	3.3286	-5.150900065	2.33634919106232e-07	0	0.000165816	-0.011711712	19.850926456253596	0.13360294177893528	0.040519304	0.007272823	18.96476808
Severe	355	M355I	0.16383139875323724	1.0859389475628582	0.0205	0	3.40517	-5.150900065	2.33634919106232e-07	0	0.000165816	-0.011711712	19.850926456253596	0.13360294177893528	0.040519304	0.007272823	18.96476808
Severe	359	I359M	0.1230157226263137	0.7600945853002496	-0.6535	1.183431952662722	0.956545	-0.451334596	3.18869712759431e-07	-0.013513514	-0.004180053	0.081081081	8.046025559424255	0.45157546904833623	0.050379482	0.002948255	18.046604433052956
Severe	371	T371I	0.029398088685326645	0.12860035644905835	-1.0355	0	1.83868	38.52344786	2.5155273896443e-07	0.094594595	0.012494419	0.001801802	2.7575474979593677	1.5978598256029592	0.049876047	0.001010891	17.633838033716973
Severe	377	A377V	0.041381176	0.21721855967248135	-0.909	0.9433962264150944	6.7969	19.70866655	2.50733301142877e-07	0	0.005042986	0.036808237	16.805897508324605	0.2345202144140226	0.040116415	0.006157317	19.369296217923868
Severe	378	D378H	4.3993931617447656e-15	0	-1.0467	0	23.6928	21.08030318	3.87111814480521e-07	0.013513514	0.001533952	0.351351351	13.298861275986784	0.2718389349001102	0.039477267	0.004872561	19.210165608095583
Severe	381	H381R	4.3997905762919e-15	0	-1.069	1.0869565217391304	10.7158	3.359249985	1.37959482917721e-07	-0.013513514	0.000286897	-0.563063063	8.483383892676715	0.3432835336448433	0.048430371192791886	0.003108475	17.501280806466607
Severe	391	R391H	0.009711043	0.034877512	-1.0453	22.177419354838708	1.7529	146.3896221	2.50415332495941e-07	0.013513514	3.83943090660487e-09	0	3.253443014034345	0.5530204388259422	0.091988706	0.001192556	14.327623485645484
Severe	400	P400L	0.256461868	1.3478941737797454	0.3855	62.5	1.25258	15.2512829	3.31575043822815e-07	0.027027027	9.84094846268933e-08	0.013513514	2.622990733414259	1.070274522536078	0.096754801	0.000961598	13.35355506901512
Severe	415	Y415D	0.009450981	0.034877512	-1.018	3.6036036036036037	7.33784	-38.22940714	9.13185461970389e-08	-0.027027027	7.85666916219649e-05	0.027027027	4.566360347	0.6886488846868329	0.054203348306318996	0.001673526	16.974041829712746
Severe	420	G420S	0.058386542771438066	0.26573326530565483	-0.7108	1.1904761904761905	3.93687	-0.001689189	-7.40E-08	-0.013513514	5.81906916432848e-06	0	3.2407086411980117	1.0877015360663576	0.061565897	0.001187891	15.937882071943585
Severe	426	G426S	0.20136056411081862	0.8588887290071588	0.3092	82.14285714285714	2.46349	0	-3.24E-08	-0.027027027	5.9605177559467e-11	0.13963964	1.085700537950191	3.3822260762011687	0.21102408880269768	0.000398432	10.563686095516733
Severe	428	R428P	0.045629246	0.20079033129523852	-0.9917	25	1.9506	1.026144175	1.10771393738759e-07	0	4.47712329587203e-10	-0.29954955	1.658759889353224	2.2092806311535846	0.11498517532259692	0.000608365	13.909579997977467
Severe	438	H438L	0.2742990014172052	1.9474568019404899	1.0239	51.08695652173913	-0.401133	0.583384892	1.269668103456e-07	0	1.72776996061982e-07	0.175675676	3.702673574397918	0.9435760010460997	0.11580808175039807	0.001357126	13.773402499142051
Severe	446	A446T	0.19148946302835543	0.868467976	-0.5222	67.9245283	0.283317	-1.365218099	1.1239739008693e-07	-0.013513514	1.55948134639695e-06	0.006756757	2.3452961023132426	1.4012499469995463	0.095061154	0.000859868	14.674832000960851
Severe	450	R450C	0.3260867735868004	2.196769221748019	2.1304	91.93548387096774	0.292904	0.018018018	3.19968561164196e-07	0.027027027	1.93990097260707e-07	-0.581081081	3.0249292571432136	1.0948773694594387	0.098006361	0.001108843	12.600341790474955
Severe	455	G455D	0.10716739382831134	0.6941935207825121	-0.3789	2.380952380952381	3.70575	-108.2869144	4.15596666693133e-08	-0.040540541	0.001079551	0.040540541	5.552556603938978	0.541271416	0.055345336266774056	0.002034806	16.48087654209964
Severe	459	V459M	0.016256783	0.035043395966475925	-1.0525	0	6.10948	-12.49642127	2.34448110034781e-07	-0.027027027	0.005358741	0.037194337	7.428053221162781	0.5339123534013923	0.048910091	0.002721869	17.251838156663553
Severe	468	A468T	0.084124149	0.4364421948254061	-0.6721	0	5.08792	109.4259222	1.62220009313938e-07	-0.013513514	0.001778416	-0.02972973	2.6795203746652807	1.6783309494688625	0.049877983	0.000982307	17.01426269062145
Severe	476	E476G	0.040936124	0.12181280233517604	-0.9866	24.742268041237114	2.11463	35.11050141	3.15833995455269e-07	0.013513514	0.000362418	-0.096846847	3.047866734647733	1.3091894126345516	0.069893868	0.001117246	15.69739833490281
Mild	1	M1I	0.1351615025865433	1.689979051185257	0.7515	100	0.554323	0	4.1747876097152e-07	0	-2.95E-18	0	0.00701778	28.910047825664734	1.769267696751295	3.2713227841111028e-06	2.386710816975206
Mild	21	E21K	0.317513445	1.6608497776092224	0.8431	69.58762886597938	0.786738	-143.4122095	7.09592734882087e-07	0	4.02192273307778e-11	0	1.6843936549196667	1.0703700607794842	0.20391898673367076	0.000617756	10.400701071246884
Mild	28	Y28D	0.1874298992320593	1.0354216731346495	0.1356	28.37837837837838	3.53432	25.17107697	2.08913588407855e-08	-0.027027027	1.34176692673323e-17	0	1.9722739513924368	1.5480854577193033	0.20031507590648376	0.000723217	9.875545283344547
Mild	29	W29R	0.019101043385634075	0	-0.9579	53.30396475770925	0.357491	-215.9899735	2.02183017164014e-08	-0.036036036	2.27398837383918e-17	0	2.2795985145017164	1.4984502546419858	0.18212951437734445	0.000835801	10.352443585690576
Mild	40	A40V	0.2385702518148675	1.1813708961968132	-0.2038	39.62264150943396	0.192215	-85.74603958	4.40228291109042e-08	0.018018018	1.37151434978548e-17	-0.126126126	1.8658843772157172	2.3240118145500785	0.15683607832049354	0.000684242	12.549997496842314
Mild	47	N47I	0.29630469039419816	1.6740950127896626	-0.1417	26.11464968152866	0.542164	88.29266296	1.77284250774498e-07	0.009009009	9.08085323958449e-09	0	1.6204452764945454	2.7257803315847724	0.072251856	0.000594329	15.141419665603859
Mild	60	D60E	0.015151649557131393	0.035210991	-1.0467	0	-0.439727	0	3.10586133723563e-07	0	-3.72E-05	0	42.48607275905456	0.05396942	0.04369966	0.015564907453148234	19.31326846
Mild	62	M62I	0.088528153	0.43603757538866644	-0.9396	2.6595744680851063	5.37237	16.57570342	5.09815968869259e-07	0.018018018	0.010078013	0	28.40353205	0.10846899574540127	0.039695067	0.010405956189718093	19.046363414901595
Mild	68	T68M	0.1447315270080962	0.7648271631546243	-0.8931	25.352112676056336	-0.981304	11.86917647	4.7383119909067e-07	0.027027027	0.000271787	0	11.069855173774673	0.24908939090881368	0.064535822	0.004055994	17.29314882130728
Mild	71	R71C	0.011730834351282894	0.035043395966475925	-1.0207	18.951612903225808	3.39246	53.55088947	4.61233732180848e-07	0.099099099	8.21243596898912e-05	0.33033033	9.442717996497898	0.20531844500813665	0.052068975543282936	0.003459914	17.120423602911796
Mild	71	R71G	0.011730834351282894	0.035043395966475925	-1.0207	18.951612903225808	4.36322	53.55088947	4.61233732180848e-07	0.099099099	8.21243596898912e-05	0.33033033	9.442717996497898	0.20531844500813665	0.052068975543282936	0.003459914	17.120423602911796
Mild	72	I72T	0.091944691	0.3731676517831806	-0.9071	7.6923076923076925	1.46548	-8.691722082	4.5474479897856e-07	-0.018018018	8.49256765132829e-05	0.112612613	6.6404928988293035	0.22962010927647467	0.053855371912535116	0.002433357	16.820239188847374
Mild	84	E84V	0.046895745850967216	0.2519886853697849	-0.7869	36.597938144329895	0.7113	-4.427030918	3.02178595106001e-07	0	3.6581492808782e-07	0	4.558932699868404	0.5356029165156935	0.10475743516324126	0.001670805	14.543597935089624
Mild	93	P93S	0.027401402	0.1045360486002243	-0.9234	27.941176470588236	2.73974	-0.004504505	2.41952083919245e-07	-0.009009009	0.000378932	0	3.0913320020067276	1.4106214339731948	0.081771537	0.001133169	15.913988739546454
Mild	95	V95M	0.1797787269710828	1.2100615198493623	0.0706	53.52112676056338	-0.633005	5.321445366	3.44917939211996e-07	-0.018018018	0.005155344	0	3.9795570264326883	1.1146561548788183	0.054898852	0.001458558	15.926892693734807
Mild	99	K99N	0.017551302	0.085915501	-0.9295	34.63414634146341	1.10892	-23.72926301	3.62463045513995e-07	-0.009009009	0.000678469	0.004504505	3.7628807047958452	1.0062306704115742	0.060641076524740614	0.001379182	16.59536320821308
Mild	101	Y101D	0.016914123446815216	0.069722922	-0.9776	45.4954955	1.56259	-4.408107273	4.40633372611129e-07	-0.009009009	4.72677141626746e-05	-0.369369369	3.421034491	0.9278495620680802	0.048940172156052675	0.001253951	16.206748465088946
Mild	104	N104S	0.10736132954926784	0.6151112341259299	-0.7654	57.961783439490446	0.582938	9.944415455	5.28224236449767e-07	0	1.60271489682556e-07	0	2.0542450976116107	1.262771253124309	0.091684571	0.000753246	14.428833459535959
Mild	108	P108L	0.11211109817182645	0.7833184049613022	-0.283	2.2058823529411766	8.04412	30.83899958	5.37119806865707e-07	0.063063063	4.86990070942168e-05	0	4.481084067	0.6002070170512941	0.050298377	0.001642286	16.641395776539376
Mild	109	D109E	0.037105556	0.14273601813092807	-1.0206	4.9079754601226995	5.06252	-116.7735655	2.91041054853257e-07	0	1.33030202306995e-05	0	5.971239275	0.39331862134996814	0.044384233	0.002188184	17.707764362468904
Mild	111	A111T	0.031628777778703134	0.14804224682624068	-1.0326	0	4.85969	-8.815704663	3.75257903533811e-07	0.009009009	4.37913267078672e-05	0	7.258297949	0.303197114	0.043665794740470776	0.002659681	18.577230812990905
Mild	114	A114T	0.10251825809707256	0.6741369382861656	-0.7494	0	3.45852	102.9830571	4.86159008643067e-07	0.018018018	0.000358627	0	10.473075872781157	0.339407774	0.038965333002959596	0.003837372	19.456455014592635
Mild	114	A114V	0.10251825809707256	0.6741369382861656	-0.7494	0	5.35557	102.9830571	4.86159008643067e-07	0.018018018	0.000358627	0	10.473075872781157	0.339407774	0.038965333002959596	0.003837372	19.456455014592635
Mild	115	T115I	0.017924181	0.069722922	-1.0351	0	3.0878	31.18915411	4.47576789509781e-07	0	0.000386107	0.084084084	6.496302169	0.5491013620885832	0.036523961514316874	0.002380534	18.54218013782824
Mild	116	A116T	0.018366649	0.069722922	-1.0317	0.9433962264150944	2.27936	10.8956832	4.66376814251614e-07	0	0.000205347	0.043543544	5.327343030023919	0.7289196836757412	0.041221041	0.001952302	18.72613350881468
Mild	116	A116S	0.018366649	0.069722922	-1.0317	0.9433962264150944	1.44556	10.8956832	4.66376814251614e-07	0	0.000205347	0.043543544	5.327343030023919	0.7289196836757412	0.041221041	0.001952302	18.72613350881468
Mild	117	Y117C	0.11329633751698376	0.6488549889103057	-0.454	0	1.31743	54.69328428	4.5559929846389e-07	0.027027027	0.000154942	0.082582583	6.971665459777592	0.6264590891989789	0.041093806	0.002554677	19.180124139142666
Mild	118	L118M	0.1324505483570514	0.6558465868675056	-0.553	0	0.727621	-27.12377451	3.42599346364792e-07	-0.009009009	0.000214124	0	7.679612982827342	0.6073968445834034	0.040146487540322344	0.002814024	19.28823718089807
Mild	121	V121M	0.049381169	0.23894998891507852	-0.9265	38.732394366197184	0.0156267	-4.144942493	3.54588435826775e-07	-0.018018018	7.78784748867415e-05	0.005105105	3.4339541852189304	1.1226482285873456	0.049763611	0.001258684	17.121560873147427
Mild	128	V128M	0.12987707676401633	1.0958205649935806	-0.2633	0	4.68658	-46.5559469	3.18744181911887e-07	-0.018018018	0.0002259	0.009309309	5.613637275574776	0.40302961350311195	0.036465373	0.002057182	18.57917719274742
Mild	132	A132V	0.17507342329215927	0.8607571219685619	-0.4321	35.84905660377358	2.22873	23.52668373	3.89135443080605e-07	0.027027027	1.54673396645876e-06	0.075075075	2.314006237583739	1.1736528773326935	0.058678076	0.000848406	16.12954657009631
Mild	136	R136C	0.31915782930908776	1.7992458035509014	0.1349	39.11290322580645	1.49968	17.85112556	7.61263726222503e-07	0.081081081	8.41548267016043e-08	0	2.2479831662067924	0.8502674297341853	0.070865349	0.000824219	15.963887579956623
Mild	136	R136H	0.31915782930908776	1.7992458035509014	0.1349	39.11290322580645	1.40187	17.85112556	7.61263726222503e-07	0.081081081	8.41548267016043e-08	0	2.2479831662067924	0.8502674297341853	0.070865349	0.000824219	15.963887579956623
Mild	136	R136L	0.31915782930908776	1.7992458035509014	0.1349	39.11290322580645	0.958081	17.85112556	7.61263726222503e-07	0.081081081	8.41548267016043e-08	0	2.2479831662067924	0.8502674297341853	0.070865349	0.000824219	15.963887579956623
Mild	139	C139Y	0.018497633592037446	0.069722922	-0.968	5.9259259259259265	16.521	-17.07208256	1.64572512396927e-07	-0.036036036	4.92392607293443e-09	0	1.9709264924071672	0.8586640601129717	0.065827681	0.000722723	15.316597007364129
Mild	144	G144E	0.20294913671604545	0.8997132920896104	-0.1709	77.38095238095238	2.9684	0.117615468	2.1710769979811e-07	0	2.26610129563304e-07	0	2.129857359093737	1.330565763	0.11117426356147068	0.000780945	13.632538081964572
Mild	146	E146K	0.17672116955089237	0.8007311983328563	-0.3347	43.81443298969072	-0.161307	-1.152980494	2.07171875583461e-07	0	6.54045796659549e-08	0	3.3805416109315005	0.9352003691898514	0.063882856	0.001239117	16.90316300146388
Mild	148	T148I	0.31642863366781887	1.9894611636130974	0.7646	47.183098591549296	0.829078	1.894470679	2.25143426049322e-07	0.018018018	-2.70E-06	0	4.608133476505735	0.9614691873296918	0.059545685119146936	0.001688829	17.273215002378922
Mild	152	R152C	0.35185503030707044	2.0571671738340767	0.4592	37.096774193548384	1.00001	7.432951537	2.09467064201996e-07	0.045045045	0.000255007	0.003003003	4.998781208797182	0.9813540870397999	0.055805557	0.001831937	17.364894769481687
Mild	153	W153R	0.21118857862698567	1.0450051976317225	-0.5029	17.62114537444934	2.59969	5.906735026	1.64810640223737e-07	-0.009009009	-0.000908867	0	3.699320712941835	1.3463182554959512	0.061865896814857504	0.001355897	16.835244986852267
Mild	156	D156Y	0.3087145824128908	1.910797926319162	0.7753	63.80368098159509	-0.192136	1.473523811	1.54415502110757e-07	0	0.002564444	-0.077777778	2.992411818568417	1.6338771863376056	0.091293833	0.001096931	15.184782651709433
Mild	162	G162S	4.351715865219115e-15	0	-1.0586	0	0.873324	-32.93638868	2.32492175554619e-07	-0.009009009	0.056490652	0	6.911419462640197	0.6300007790641609	0.044146845	0.002532607	19.09433245657931
Mild	165	T165I	0.0210484	0.14804224682624068	-0.9981	0	4.38385	-18.53649336	3.12093665832936e-07	0.009009009	0.035153526	0	25.768229595720015	0.13169711239873147	0.041387573330062884	0.009440548	19.58459762618896
Mild	166	T166I	0.046491443	0.29394880715488286	-0.9205	4.929577464788732	0.966255	40.37490708	3.52180211595334e-07	0.036036036	0.003368531	0	28.251749987160768	0.12286647458401302	0.040999887	0.010350352853303142	18.9864493
Mild	171	H171R	0.004844915	0.034877512	-1.0502	4.3478260869565215	1.84828	-0.166313591	2.99853097035496e-07	0.009009009	0.000985075	0.018018018	16.386488777885965	0.12360720318165974	0.046474794	0.006003672	18.086363206603753
Mild	173	T173I	0.12195946553371924	0.6930035367960177	-1.0192	0	-0.0149188	15.7384889	3.65391401355907e-07	0.018018018	0.000329896	0.003003003	21.067043023583917	0.1296580972923821	0.037734697	0.007718331	19.272204321810875
Mild	176	A176T	0.12032123848238507	0.7820948868768951	-0.7761	1.8867924528301887	3.43317	-27.51169231	3.62553149714056e-07	0.009009009	0.000756435	0	10.20295239824362	0.3263419516545341	0.039482848	0.003738416	19.23241129483401
Mild	177	A177T	0.22298910408832423	1.4424472279413825	0.1564	0	3.44985	6.589201295	2.83072557027725e-07	0	0.002784136	0	10.652626226303418	0.41115236589267895	0.046435131	0.003903148	19.243259083336323
Mild	180	H180N	0.05577556	0.28279273109058656	-0.8975	24.456521739130434	0.440781	3.873830315	2.35629634579243e-07	0	5.08035315270285e-06	0	4.693691142706724	0.5185257573202571	0.047969638	0.001720172	18.201250653625777
Mild	181	S181L	0.21034480231768143	1.3069395399667576	-0.3293	1.5384615384615385	0.210929	13.17353603	3.08037357222592e-07	0.045045045	1.70218862354437e-06	0	3.869889064458891	0.47800764393112355	0.043314940115611156	0.001418383	18.263311680074338
Mild	184	R184Q	4.355269134320656e-15	0	-1.0676	10.887096774193548	0.641063	40.65454936	5.57180214606437e-07	0.045045045	1.99289165164706e-05	0.000858001	5.418051222650723	0.3208680348034141	0.046994817	0.001985531	17.517897274877622
Mild	184	R184W	4.355269134320656e-15	0	-1.0676	10.887096774193548	1.08389	40.65454936	5.57180214606437e-07	0.045045045	1.99289165164706e-05	0.000858001	5.418051222650723	0.3208680348034141	0.046994817	0.001985531	17.517897274877622
Mild	189	D189N	0.051045187	0.20877985595261542	-0.9115	6.134969325153374	-1.27427	-1.148979837	1.36129607518375e-07	0	9.91553844336411e-06	0	4.079591092362114	0.648087494	0.064751155	0.001495204	15.60017463332548
Mild	191	E191K	0.2979585649458617	1.661050595492257	0.0817	32.47422680412371	-0.34258	1.11169255	1.59888585636559e-07	0	5.88837504810987e-06	0	4.277354888206367	0.6883826920709197	0.084508562	0.001567652	14.967575220826392
Mild	193	P193A	0.18734256179661804	0.9554182776899695	0.4066	38.970588235294116	2.09236	0.448058844	1.61578811612667e-07	0.009009009	5.4624687520357e-06	0	2.3094845990348443	0.9648001986045883	0.096080521	0.000846749	13.372484301934778
Mild	200	G200D	0.2066921498752608	0.8749420882479312	0.017	51.19047619047619	4.53617	0.02861462	1.05708384297835e-07	0	6.54378315654042e-09	-0.378378378	1.9946433885817938	0.8419014449958556	0.11913681860415612	0.000731411	14.31275445807011
Mild	201	C201R	0.05341383	0.22484142090971143	-0.7929	14.074074074074074	8.11509	-3.359478007	1.27170026973018e-07	-0.036036036	4.88415115931902e-08	0.067867868	2.5018917620688432	0.6734810841374483	0.064653291	0.000917235	15.961444130924468
Mild	210	H210R	0.3333148837878082	1.948429332508291	0.2686	20.108695652173914	0.936515	-0.104650312	1.76338149303595e-07	0	-2.43E-05	-0.309309309	4.109888944665637	0.6814532892594081	0.07291571	0.001506304	15.93440420686694
Mild	215	I215V	0.099167282	0.4671555252118884	-0.7982	0.591715976	0.845962	-17.60793008	2.06184578753368e-07	0	-0.000990025	0.003003003	5.064890972293026	0.8028439092052995	0.055963249850647975	0.001856156	18.20066078279103
Mild	219	M219V	0.1432716228936294	0.867177545	-0.4036	0	2.94239	-1.819285316	2.6983992592244e-07	0	0.019964685	-0.033033033	8.813016108063279	0.4018461811029394	0.043283567	0.003229232	19.196390559447376
Mild	223	R223Q	0.043137545	0.17406470425793125	-0.9451	0	5.65868	-10.26932196	2.06323968749496e-07	0	0.000843326	0.243243243	6.896248425281394	0.6084562088284555	0.049539149688313334	0.002527049	17.87876282579004
Mild	235	E235G	0.11584823634791581	0.3874516676289525	-0.7399	20.618556701030926	0.0114966	0	6.01906841396981e-08	0	-2.09E-17	0	2.913719475598516	1.427341515833118	0.095017653	0.001068103	14.571207254865588
Mild	239	D239Y	0.3633636756369998	1.986496885446401	1.5269	42.331288343558285	0.409639	6.899307448	1.49471541517911e-07	0.018018018	-1.58E-19	0.003003003	2.5273664512943665	1.7715521166269967	0.13755819487299256	0.000926567	11.534052993232573
Mild	249	G249V	0.1452018864215031	1.104986346230849	0.3991	59.523809523809526	4.45075	4.38227112	1.12015390261902e-07	0.009009009	5.68974390600048e-10	0	3.0526125102456927	1.1701794161521104	0.09569952	0.001118984	13.886266600910334
Mild	264	K264R	0.15232588530683494	0.42011002731477165	-0.0715	36.09756097560975	0.586081	0	1.32836197095173e-07	0	3.93923030318917e-06	0	1.8165550251443159	2.0217209187459053	0.11931602252383458	0.000666171	13.67575226460808
Mild	272	R272H	0.15041660052689448	1.0933324262834134	-0.1271	25.403225806451612	0.507202	9.937592133	1.47080127691304e-07	0.009009009	-0.000295296	0	3.355474044570024	1.0170641549208044	0.066478065	0.001229934	15.39424510510943
Mild	291	E291K	0.1909863188741764	0.98267573	-0.0405	3.608247422680412	-2.03374	0.006328686	1.86306203470431e-07	0	-0.000264036	0.018018018	7.1954402792566405	0.5922431143417374	0.052421259	0.002636654	17.064899513088413
Mild	295	M295V	0.14893675589618738	1.0875437637700873	-0.2692	2.127659574468085	1.57597	-9.101329348	3.00923670046679e-07	0.018018018	0.000689086	0.081681682	12.548963786886558	0.3208976222813155	0.049570804	0.004597846	17.94890116469493
Mild	297	Y297D	0.11038776165149339	0.7940282680715729	-0.1894	5.405405405405405	2.51269	-16.35092554	9.21159357759654e-08	-0.018018018	-6.82E-06	0	10.40995411616078	0.304396006	0.060175977	0.003814249	16.83863980214639
Mild	328	F328L	0.1524663258172302	0.9685464338291796	-0.293	0.5076142131979695	1.85428	-23.55811013	1.89640554666486e-07	0	0.016029005	0	4.901600065340094	0.975046957	0.043306865367766956	0.001796336	19.259230465853857
Mild	335	R335T	0.082459612	0.5279713133286668	-0.5704	10.080645161290322	0.27416	73.81465863	7.02105017394352e-07	0.009009009	0.000957089	0.24024024	33.55946477225156	0.060629359	0.043131998	0.012294763486024709	18.530896847599145
Mild	337	D337G	0.012703262441938399	0.069722922	-1.0217	2.4539877300613497	-1.04023	4.867465785	3.65291421262312e-07	0.009009009	0.001942799	-0.131231231	23.019645225073347	0.089119591	0.040316173372681924	0.008433641	18.50430456002194
Mild	339	G339R	0.12433118175256945	0.6571618040331372	-0.6244	0	30.0821	-81.2443364	3.15487483244689e-07	-0.054054054	0.000430082	-0.129129129	12.769669939388411	0.21217236683921814	0.054248228544073795	0.004678699	17.60507162
Mild	366	T366N	0.10101013557647497	0.4772985416172706	-0.8042	21.12676056338028	0.910443	0.204298114	1.39082844086483e-07	-0.009009009	5.20117428600072e-06	0	2.714089576	1.4789560028101587	0.071504236	0.000994971	16.216923958789753
Mild	374	V374M	0.097291238	0.7908640721379515	-0.5253	0	1.91513	-73.48864677	2.73694358876077e-07	0	0.022653453	0.021621622	6.042567107	0.7441422955862386	0.046737337	0.002214314	19.271875041975367
Mild	378	D378V	4.3993931617447656e-15	0	-1.0467	0	3.0491	181.3255789	7.81082649306471e-07	0.045045045	0.001043057	0.234663235	13.298861275986784	0.2718389349001102	0.039477267	0.004872561	19.210165608095583
Mild	382	V382I	0.14550370102933363	0.8301438073590678	-0.4995	28.87323943661972	0.59855	39.46062663	4.76183163648596e-07	0.009009009	0.000442237	0.003003003	5.403677546479633	0.5565990366259798	0.057278857	0.001980266	16.57041182080566
Mild	388	Y388H	0.14889673113712773	0.8456312176407895	-0.5365	91.44144144144144	0.00759183	14.45909703	2.64947600771786e-07	-0.018018018	4.99681974789548e-07	0	3.1123433022780134	0.8438478333280166	0.11126749208267513	0.001140866	12.83724266643278
Mild	391	R391C	0.009711043	0.034877512	-1.0453	22.177419354838708	1.51325	211.3883964	5.16364473776484e-07	0.054054054	2.9408796714199e-09	0	3.253443014034345	0.5530204388259422	0.091988706	0.001192556	14.327623485645484
Mild	391	R391H	0.009711043	0.034877512	-1.0453	22.177419354838708	1.00448	211.3883964	5.16364473776484e-07	0.054054054	2.9408796714199e-09	0	3.253443014034345	0.5530204388259422	0.091988706	0.001192556	14.327623485645484
Mild	395	I395V	0.041484781	0.32458557563014734	-0.8909	4.733727810650888	0.826042	77.20288238	4.69916055667667e-07	0	2.028001700395e-05	0	6.336791755634376	0.33042074896105184	0.053546569	0.0023221	17.08286006807151
Mild	397	G397D	0.097828144	0.20458614863224156	-0.8745	7.142857142857142	-0.131997	0.043945244	3.38983780635822e-07	0	2.630502463756e-07	-0.387387387	4.484924345305956	0.6457869549118825	0.09474368	0.001643693	15.647857696851043
Mild	399	A399S	0.2112389014266076	1.109067235544179	-0.4484	7.547169811320755	0.962721	-7.776850305	3.39247986674433e-07	-0.027027027	1.07504060072586e-08	0.001501502	3.194151387283815	0.9130744457003502	0.075941563	0.001170835	13.877291117175462
Mild	406	D406G	0.027511496054808505	0.10453604860022428	-0.9905	31.901840490797547	3.3827	0	1.94447697488123e-07	0	3.24806079783849e-11	0	1.3933687390651526	2.538300020120746	0.15580790090224972	0.000511143	10.992646170580388
Mild	414	L414M	0.2207390310536356	1.0559546879862656	-0.4425	34.146341463414636	-0.608133	11.06442001	4.30825418818332e-07	-0.009009009	1.55995471218913e-05	0	4.600634905086175	0.6872745363502257	0.058227036782371455	0.001686082	17.14451324134611
Mild	417	N417S	0.026273621297706797	0.12069615791778346	-0.9896	16.560509554140125	1.03768	0.273558091	3.30500319660503e-07	0	6.22592863573152e-06	-0.126126126	3.192547015541854	0.9846164359402432	0.061562495	0.001170248	14.500841774533084
Mild	420	G420A	0.058386542771438066	0.26573326530565483	-0.7108	1.1904761904761905	1.67031	0.384054868	3.19316615820809e-07	0.009009009	3.76355463985454e-06	0	3.2407086411980117	1.0877015360663576	0.061565897	0.001187891	15.937882071943585
Mild	422	K422R	0.364570217	2.080883211055926	0.8084	37.56097561	0.512509	-1.350115733	2.65116805962389e-07	0	2.28948251215746e-07	0	1.9634733438497247	1.8609371792573335	0.086834616	0.000719993	14.808890184434015
Mild	424	V424A	0.3680909888476265	2.270609	2.1316	61.267605633802816	0.767601	0.092925466	2.07228153577418e-07	-0.018018018	6.9475976049199e-09	0	1.3576179312937142	2.8002493069247754	0.1891890909997147	0.000498046	12.21892172653088
Mild	424	V424M	0.3680909888476265	2.270609	2.1316	61.267605633802816	-0.0408074	0.092925466	2.07228153577418e-07	-0.018018018	6.9475976049199e-09	0	1.3576179312937142	2.8002493069247754	0.1891890909997147	0.000498046	12.21892172653088
Mild	426	G426S	0.20136056411081862	0.8588887290071588	0.3092	82.14285714285714	2.49792	0	3.80891330856799e-08	-0.036036036	4.40155178717458e-11	0.069069069	1.085700537950191	3.3822260762011687	0.21102408880269768	0.000398432	10.563686095516733
Mild	426	G426D	0.20136056411081862	0.8588887290071588	0.3092	82.14285714285714	2.46727	0	3.80891330856799e-08	-0.036036036	4.40155178717458e-11	0.069069069	1.085700537950191	3.3822260762011687	0.21102408880269768	0.000398432	10.563686095516733
Mild	428	R428Q	0.045629246	0.20079033129523852	-0.9917	25	2.7662	3.511122852	2.23830450129332e-07	0	3.49240968025971e-10	-0.208708709	1.658759889353224	2.2092806311535846	0.11498517532259692	0.000608365	13.909579997977467
Mild	429	E429K	0.37693875874773514	1.8588545095912248	0.7388	11.34020618556701	-0.393901	2.892927424	2.67475206276215e-07	0	1.9988636236012e-09	0	1.8354679490907453	2.055190983707148	0.098583576	0.0006731	13.705881278193667
Mild	431	V431A	0.24914107547992256	1.3440440068161825	-0.125	0	1.31434	1.92440577	3.0618516863793e-07	-0.018018018	1.58897791044737e-07	0	2.4445488200037127	1.5369708468003178	0.097988545	0.000896228	14.961982591110282
Mild	436	Y436H	0.3732028410398491	1.9602554892550943	-0.0484	33.33333333333333	0.711433	-2.982865823	3.01458003483388e-07	-0.027027027	8.70056331562976e-08	0.003003003	3.528767522393877	1.0256059232836907	0.079287002	0.001293417	14.652613389383088
Mild	443	A443T	0.2780103450185973	1.2291357719778935	-0.6228	4.716981132075472	1.70571	-1.033774175	4.08225512459211e-07	-0.027027027	3.93534950777854e-06	0.060960961	4.461609899964044	0.7689352256950218	0.054706281	0.001635152	17.30834425792826
Mild	443	A443V	0.2780103450185973	1.2291357719778935	-0.6228	4.716981132075472	-0.286416	-1.033774175	4.08225512459211e-07	-0.027027027	3.93534950777854e-06	0.060960961	4.461609899964044	0.7689352256950218	0.054706281	0.001635152	17.30834425792826
Mild	445	S445P	0.1251078511724288	0.8789843810445294	-0.279	11.538461538461538	4.32737	-1.228127399	3.54587471829555e-07	-0.009009009	2.73411141539465e-06	-0.03993994	3.096562118034661	1.076882274584563	0.067011657	0.001135085	15.483672320646253
Mild	450	R450H	0.3260867735868004	2.196769221748019	2.1304	91.93548387096774	0.420487	0	3.88777127846704e-07	0.009009009	1.18858313378673e-07	-0.378378378	3.0249292571432136	1.0948773694594387	0.098006361	0.001108843	12.600341790474955
Mild	452	E452K	0.071097206	0.3410007793573197	-0.8415	1.0309278350515463	5.94429	1.496664122	3.63062142719894e-07	0	4.58155562224251e-06	0.054054054	4.815609992091982	0.6285399609264833	0.053495620432979105	0.001764835	15.865634797763308
Mild	459	V459A	0.016256783	0.035043395966475925	-1.0525	0	1.41834	-16.80921387	5.22308302015461e-07	-0.009009009	0.003541874	0.024581725	7.428053221162781	0.5339123534013923	0.048910091	0.002721869	17.251838156663553
Mild	461	V461I	0.10087918808685625	0.7856384493905981	-0.5912	2.112676056338028	-0.484669	-23.80422859	3.93287788550702e-07	0	0.011661722	0	6.228365746182088	0.7024327850865709	0.04815124	0.002282379	18.254593540173918
Mild	468	A468V	0.084124149	0.4364421948254061	-0.6721	0	7.17532	53.88290708	2.11074038490361e-07	0	0.001669837	-0.021021021	2.6795203746652807	1.6783309494688625	0.049877983	0.000982307	17.01426269062145
Mild	473	G473S	0.054357959	0.19492613652786145	-0.8675	53.57142857142857	2.79916	0.449685944	2.23445099223931e-07	0	0.000629468	0.009009009	2.4499874917690034	1.7650998036305399	0.1075700475828365	0.000898221	13.499228769062308
Mild	476	E476A	0.040936124	0.12181280233517604	-0.9866	24.742268041237114	1.39905	41.26969904	4.15104237330764e-07	0	0.000210171	-0.06006006	3.047866734647733	1.3091894126345516	0.069893868	0.001117246	15.69739833490281
Mild	476	E476K	0.040936124	0.12181280233517604	-0.9866	24.742268041237114	1.44764	41.26969904	4.15104237330764e-07	0	0.000210171	-0.06006006	3.047866734647733	1.3091894126345516	0.069893868	0.001117246	15.69739833490281
Mild	478	N478I	0.17236168340074107	1.1265860877162521	-0.4792	25.477707006369428	1.37623	7.521496776	2.50269546241426e-07	0.036036036	-2.67E-06	0.361261261	3.907594769463334	1.0591103782476938	0.055073769	0.001432196	17.289967691709123
Mild	490	I490F	0.18770742856647327	1.1495210241667926	-0.1817	3.5502958579881656	10.9091	14.08879164	1.05737802401151e-07	0	-0.00046249	-0.025225225	2.442609246046674	1.9844209191919069	0.056426014	0.000895518	15.846078280068669
Mild	491	G491R	0.18375378932212086	0.6654209582371065	-0.7726	39.285714285714285	7.21253	0.521068483	1.51453693325631e-07	0.009009009	-0.000239848	0	2.5917130183508053	1.8640322738311421	0.062683985	0.00095014	15.655968720639455
Mild	497	C497S	0.13211379069457882	0.3194575600761807	-0.7109	30.37037037037037	1.84472	-88.17249045	7.61337931140158e-08	-0.027027027	-2.58E-05	0.003003003	1.3339168386238023	3.4630741525893853	0.097414197	0.000489363	14.309361032460325
Control	3	S3L	0.14157319847480296	1.497990504001807	0.2252	80.76923076923077	0.67915	0	5.65502493553283e-07	0.01754386	-4.41E-18	0	0.017800249131880292	18.263641793790043	1.2495517308041728	7.221336787312961e-06	2.783077193036016
Control	18	L18F	0.27309710987668007	2.154100309638723	2.1315	69.51219512195121	0.4108	0	1.4873594298019e-06	0.035087719	1.71712357453765e-12	0	2.1453259853482165	0.7414325555661657	0.1403723284995515	0.000786612	13.14027809083027
Control	27	K27S	0.35193944630695145	2.242586088016618	1.9832	52.68292683	-0.0904446	0	1.26128211498769e-07	0	1.51343063839345e-16	0	1.6230384955948962	1.9231187970034513	0.2003150759064841	0.000595279	9.904959934963774
Control	31	D31Q	0.3108020103040443	2.4051772146244583	2.1316	50.306748466257666	-0.032057	-2.774362781	8.23049367482869e-08	-0.01754386	1.13191104505078e-17	-0.292397661	1.755922777796931	2.0141129180622555	0.19914138738484746	0.000643959	9.860094561688449
Control	39	Y39N	0.36615758924128067	2.280496768935527	2.0737	54.5045045	0.859695	-240.7979764	-1.85E-07	-0.052631579	2.74056792044337e-17	0.058479532	1.8412722047104313	2.264948319333344	0.16049161102569756	0.000675226	11.686374453208332
Control	42	E42K	0.28557148888038386	2.060348856831829	2.0687	59.27835051546392	-0.491885	0	1.91524898286808e-08	-0.01754386	1.13580018240072e-17	-0.070175439	1.4182992728226014	2.9904131889666736	0.17245462033944564	0.000520276	11.67662905639171
Control	54	V54I	0.18478697001812538	1.2454260733632134	-0.2754	0.7042253521126761	0.0857717	-50.51037939	2.43565241214109e-07	0	0.102532618	0	4.074047350503352	1.1442705968071432	0.047842555	0.001493173	19.235800308292863
Control	81	P81T	0.2874074069950576	1.7887664279936628	0.5699	24.264705882352942	1.59758	124.0724369	6.82645608444287e-07	0.035087719	-1.37E-09	0	3.2178306585031238	0.4474359741702172	0.069873107	0.00117951	14.10623382
Control	137	S137T	0.32315236373057665	2.051126746741037	0.7623	46.15384615384615	0.764917	0.159018692	1.13708431274327e-07	0	2.16147670119388e-10	0	2.2056485944592645	0.8218633784586209	0.069145009	0.00080871	15.410786763958876
Control	146	E146K	0.17672116955089237	0.8007311983328563	-0.3347	43.81443298969072	-0.359325	-0.609766677	1.17974218174203e-07	0	-9.59E-10	0	3.3805416109315005	0.9352003691898514	0.063882856	0.001239117	16.90316300146388
Control	152	R152H	0.35185503030707044	2.0571671738340767	0.4592	37.096774193548384	1.09226	0.001959441	1.71967509143123e-07	0.035087719	0.000481397	0	4.998781208797182	0.9813540870397999	0.055805557	0.001831937	17.364894769481687
Control	152	R152H	0.35185503030707044	2.0571671738340767	0.4592	37.096774193548384	0.890366	0.001959441	1.71967509143123e-07	0.035087719	0.000481397	0	4.998781208797182	0.9813540870397999	0.055805557	0.001831937	17.364894769481687
Control	181	S181L	0.21034480231768143	1.3069395399667576	-0.3293	1.5384615384615385	0.743672	22.90294013	5.02759421486623e-07	0.087719298	2.70426477686769e-06	0	3.869889064458891	0.47800764393112355	0.043314940115611156	0.001418383	18.263311680074338
Control	192	M192T	0.16576043994482467	0.975926456	-0.422	5.851063829787234	3.0938	-4.475165368	1.34877496669832e-07	-0.01754386	8.52572359154311e-05	0	3.193939126	0.7117977032172241	0.075111896	0.001170758	14.891923703783608
Control	193	P193R	0.18734256179661804	0.9554182776899695	0.4066	38.970588235294116	2.28023	0.330306283	1.24339077156734e-07	0	8.47654995617244e-06	0	2.3094845990348443	0.9648001986045883	0.096080521	0.000846749	13.372484301934778
Control	205	A205V	0.024920146	0.1827243590488979	-0.9924	0	3.18178	-1.841520748	1.93367808263531e-07	0.01754386	2.66556460702662e-05	0	6.564317699792503	0.3682445971926406	0.04981892	0.002405451	18.291062510320174
Control	213	R213K	0.32823250338709353	1.782061884	0.3781	56.85483870967742	-0.117927	-32.00884848	1.39690500848983e-07	-0.01754386	-0.000351511	0	4.018877477385131	0.8859955112895311	0.078301018	0.001472963	15.853446306221732
Control	231	K231R	0.23221661079990288	1.456715794295291	0.3216	44.390243902439025	0.0475596	7.376550281	8.65581026714981e-08	0	3.18657380516182e-11	0	3.0154162076862088	1.513633503334434	0.079572592	0.001105358	13.745009546704244
Control	238	S238L	0.3385928462820775	2.4697791578736967	2.1316	90.76923076923077	-0.192068	-6.049494481	1.4510470821121e-07	0.01754386	-1.15E-17	0	1.9650421007278067	2.2304859865348314	0.1272346233326977	0.000720567	11.01641828303696
Control	239	D239Y	0.3633636756369998	1.986496885446401	1.5269	42.331288343558285	0.413966	15.31112423	3.10829455694317e-07	0.035087719	-6.91E-18	0.005847953	2.5273664512943665	1.7715521166269967	0.13755819487299256	0.000926567	11.534052993232573
Control	246	R246S	0.008007367	0.034877512	-1.0461	0.8064516129032258	5.60061	0	7.04530355378672e-08	0	2.00194158135321e-12	0	4.476530370680021	0.8600545430791503	0.060318407	0.001640618	15.149256838682774
Control	253	V253I	0.12212942666852897	0.9573659192193086	-0.44	1.4084507042253522	-1.05476	-0.020946134	1.28654202206306e-07	0	1.72260206273807e-07	0	3.839314767941394	0.8659233948953479	0.083827312	0.001407182	16.736127332108097
Control	254	D254S	0.2533941894213989	1.8887957537088136	1.6887	53.37423312883436	-0.367467	0.208182831	1.27743518211538e-07	0.01754386	1.26356251351131e-06	0.070175439	2.8867195245684005	1.1312853613615108	0.10427545475171061	0.001058212	14.409829903307712
Control	255	T255I	0.2585361671880038	1.7286184599898096	0.4744	19.718309859154928	-1.69025	-0.69817739	1.26089198115777e-07	0.01754386	4.44708467268046e-06	0.128654971	3.093590756900885	0.9615497681788286	0.086217333	0.001133996	14.89744047105274
Control	263	Y263H	0.31026215106335986	2.2451535503588365	0.647	82.43243243243244	0.982666	1.899163071	-8.21E-08	-0.01754386	1.21377969802229e-08	0	1.4405668061230192	2.453596178	0.17970755776646277	0.000528433	11.837654960299572
Control	268	F268Y	0.056387619	0.3362732877586635	-0.645	21.82741116751269	-0.122344	0.159574922	2.37413890643022e-07	0	-0.001085163	-0.157894737	3.2562339379756864	1.0774230893148633	0.06934186	0.001193578	16.847065935103537
Control	269	I269V	0.059641842	0.40807156374516285	-0.748	2.9585798816568047	0.621082	16.76634968	2.50501086684765e-07	0	-0.001351478	-0.210526316	3.3821346683885576	1.0585676949327703	0.08229603	0.0012397	16.16292271069577
Control	272	R272C	0.15041660052689448	1.0933324262834134	-0.1271	25.403225806451612	0.972095	54.97311012	3.82528866723009e-07	0.070175439	-0.000480145	0	3.355474044570024	1.0170641549208044	0.066478065	0.001229934	15.39424510510943
Control	273	T273M	0.2641814252611117	1.881039219416586	0.8283	54.929577464788736	-1.32283	0.400225407	2.62062798646361e-07	0	-8.55E-05	0	2.336116590722412	1.4450172045269074	0.092088942	0.000856506	13.944105817169447
Control	277	T277A	0.22373841031103636	1.6507510202103106	0.6285	76.76056338028168	0.377523	-0.016456753	1.969821261128e-07	0	3.1357654988154e-05	0	1.8748988628509438	1.7620236226150223	0.15030582241990115	0.000687545	13.61389994263976
Control	281	H281S	0.37027994615532467	2.288077338	1.6513	76.08695652173914	-0.323104	-1.671590763	-1.06E-08	-0.01754386	-0.002669275	0	1.7304889443764828	2.1006289162939673	0.10244792671133203	0.000634642	13.349819822172323
Control	282	N282R	0.2916644725157991	1.9574782652808314	0.7909	63.69426751592356	-0.16536	0.792859226	1.65703096893528e-07	0	2.40140357122488e-05	-0.473684211	1.666489948609707	2.157454107245641	0.10439663706194291	0.000611197	13.862096026331924
Control	304	V304L	0.3371659248929806	2.1089010880806613	1.307	68.30985915492957	-0.539405	18.86896962	9.11470884491669e-07	0.035087719	1.39697066736585e-06	0	2.5397424	1.3229766752866015	0.13505392958542362	0.000931101	13.445521687124048
Control	314	V314E	0.2247842592354766	1.1151959411230132	0.167	21.12676056338028	0.792662	-15.95335643	2.45345280006987e-07	-0.122807018	-0.034469663	0.064327485	4.157927807677219	0.8440543402114213	0.071128396	0.001523902	17.25347783542499
Control	317	I317L	0.11786586925114592	0.8653278871263194	-0.5423	0.591715976	0.490086	6.430735976	2.56976237167621e-07	0.01754386	-0.002176569	-0.011695906	3.8548719429706435	1.026437268228123	0.053825985	0.001412881	17.8323524
Control	318	Q318R	0.293974537	1.8900461389914804	0.6997	32.82828282828283	-0.667352	-2.368749746	2.69543357664316e-07	-0.01754386	-0.000620536	-0.029239766	2.7705530516794123	1.3584623428741365	0.076761473	0.001015656	16.961140494764315
Control	321	R321T	0.2398520644027817	1.7395593875110644	0.9167	56.451612903225815	2.11659	17.87600968	7.54984987176078e-07	0.070175439	0.001061314	0.01754386	2.523118260959573	1.6371915699875823	0.06038375	0.000925011	16.30795894458184
Control	327	F327C	0.096099039	0.6258284834536201	-0.3186	1.015228426395939	4.24287	12.84476644	2.30651135775604e-07	0.035087719	0.008609858	0.001754386	3.465004052	1.3267041267589534	0.046736754282421744	0.001270059	18.045722787085907
Control	357	R357E	0.3099186211088016	2.023987018124499	0.8358	51.20967741935484	1.58186	16.24516652	3.04115968754554e-07	-0.01754386	-0.000395288	0.026900585	7.769049699	0.3453287756775934	0.059544442	0.002846788	17.429684677439933
Control	357	R357L	0.3099186211088016	2.023987018124499	0.8358	51.20967741935484	0.854062	16.24516652	3.04115968754554e-07	-0.01754386	-0.000395288	0.026900585	7.769049699	0.3453287756775934	0.059544442	0.002846788	17.429684677439933
Control	361	Q361K	0.2573897290610297	1.6350405181532075	0.6902	39.8989899	-0.46185	2.250064932	2.00856759620556e-07	0.01754386	-0.000619665	-0.070175439	4.492298166352366	0.7440537812633196	0.07094474	0.001646394	15.850545003985193
Control	364	S364T	0.30950983771111173	2.196926236294539	2.1014	65.38461538461539	0.692024	-0.171320557	2.82068234780803e-07	0.01754386	-2.45E-05	-0.011695906	2.878850255102808	1.232822171	0.10685918450681427	0.001055329	14.422586411177058
Control	365	L365M	0.14479386431960872	0.9466333089027291	0.1181	25	-0.442245	0.434298328	3.13531069350383e-07	0	-6.49E-05	0	2.7735896612588253	1.3442209321614709	0.098448265	0.001016768	15.268853699724778
Control	368	S368Q	0.2876410604247293	1.812491375870623	0.8446	57.692307692307686	-0.00178226	-0.835692598	1.42269688460677e-07	0	2.36185400852332e-05	0	2.3594163144603466	1.7903643200831703	0.076419691	0.000865041	15.527321171893895
Control	369	E369K	0.32413226983881954	2.2268704752581363	2.0615	71.13402062	-0.0648082	-1.086453929	1.43836364654726e-07	0	0.000227613	0	1.8080755305630678	2.368095314	0.077651861	0.000663065	14.605729815082167
Control	391	R391C	0.009711043	0.034877512	-1.0453	22.177419354838708	1.91593	217.281025	6.52600190629774e-07	0.087719298	3.43872134441759e-09	0	3.253443014034345	0.5530204388259422	0.091988706	0.001192556	14.327623485645484
Control	402	L402V	0.31593116616398603	2.0913432303793513	2.1146	62.19512195121951	0.948413	-0.731375522	2.79280920620752e-07	0	4.88884633992807e-10	0	1.9631282341815328	1.6962317000542344	0.12222157315960318	0.000719866	12.728055917613023
Control	417	N417S	0.026273621297706797	0.12069615791778346	-0.9896	16.560509554140125	1.09298	0.314140028	2.80081817263648e-07	0	9.44226217775781e-06	-0.157894737	3.192547015541854	0.9846164359402432	0.061562495	0.001170248	14.500841774533084
Control	425	G425Q	0.312134732	2.055159288314446	0.8153	98.80952380952381	1.48435	0	8.98455055934277e-09	-0.01754386	1.17929073513028e-09	-0.157894737	1.0804166720412978	3.5006683597396995	0.21102408880269777	0.000396497	10.418023498167598
Control	428	R428Q	0.045629246	0.20079033129523852	-0.9917	25	3.64557	2.689523578	1.95979423279466e-07	0	3.4007231433075e-10	-0.236842105	1.658759889353224	2.2092806311535846	0.11498517532259692	0.000608365	13.909579997977467
Control	436	Y436S	0.3732028410398491	1.9602554892550943	-0.0484	33.33333333333333	1.60813	-8.774354225	2.0392664487273e-07	-0.070175439	1.62272809507518e-07	0	3.528767522393877	1.0256059232836907	0.079287002	0.001293417	14.652613389383088
Control	461	V461I	0.10087918808685625	0.7856384493905981	-0.5912	2.112676056338028	-0.384363	-23.03022965	2.76451056514305e-07	0	0.020041367	0	6.228365746182088	0.7024327850865709	0.04815124	0.002282379	18.254593540173918
Control	463	S463A	0.046536774	0.3142713358190461	-0.8856	0	-0.682521	6.225514279	2.73534795472923e-07	0.01754386	0.013357544	0.003508772	4.249096944650639	1.0438768879705451	0.04708003	0.001557301	18.300679981014202
Control	480	V480I	0.1024816791888159	0.7592056304240928	-0.5682	2.112676056338028	-0.681993	-1.911217278	1.77884664146296e-07	0	0.00015285	-0.01754386	4.297467368858936	1.0473440040603261	0.054401228235751775	0.00157502	18.340005189328526
Control	482	H482N	0.03867276	0.12237960286654723	-0.978	48.91304347826087	0.0515321	-0.38392197	1.77283181868141e-07	0	0.001193534	0	2.972224976286607	1.543665332659091	0.060622339	0.001089535	16.940219171089993
Control	488	A488S	0.1102090833315635	0.7290119569296001	-0.6435	2.8301886792452833	0.494509	-40.60775295	7.82473583015746e-08	-0.01754386	0.000506003	0	2.400898356509515	1.964797963106767	0.044706814	0.000880238	17.676045955088913
Control	495	G495D	0.3167130918871245	2.128983398091294	1.856	60.71428571428571	-0.668464	0	9.24099650522067e-08	0	-6.14E-05	-0.473684211	1.2963651844236255	3.5269758564555587	0.13158770725582714	0.000475607	12.633403898264968